intrinsic:
2307.992540447373 0.0 454.03500573812335 
0.0 2305.0900891603087 208.23871562357044 
0.0 0.0 1.0 
distortion:
-0.6641688824919942 1.453829993239706 0.008958099174686247 0.037165967284411516 -1.573450998840633 
