intrinsic:
2157.141569006376 0.0 325.97293703904086 
0.0 2082.784227728601 396.1714098880487 
0.0 0.0 1.0 
distortion:
-0.45545532316610504 0.46083764754377626 0.008663495989839246 0.01309132619723143 -0.24967054645785677 
